..............................................................................................................................................................................................................................................................................................................................................................................................................................................................................................................................................................................................................................................................................................................................................................................................RRRRRRRRRRRRRRRRRRRR.................................................C...............................................................................................................................................................................................................................R.................................R...............R.................................R...............R.................................R...............R.................................R...............R.................................R...............R.................................R...............R.................................R...............R.................................R...............R.................................R...............R.................................R...............R.................................R...............R.................................R...............R.................................R...............R.................................R...............R.................................R...............R.................................R...............R.................................R...............R.................................R...............R.................................R........................................................sS.............................................SsS......................................................................................................................................................................RRRRRRRRRRRRRRRRRRRR......................................................A...........................................A.......................................................................................................................................................................................................................................................A...............................................................................................................................................................C...............................................................................................................................................................................................................
5
N
41
1
41 41 41 41 41 
1 0 49 48 47 
0
0
0
0
