..............................................................................................................................................................................................................................................................................................................................................................................................................................................................................................................................................................................................................................................................................................................................................................................................RRRRRRRRRRRRRRRRRRRR.................................................................................................................................................................................................................................................................................R.................................R...............R.................................R...............R.................................R...............R.................................R...............R.................................R...............R.................................R...............R.................................R...............R.................................R...............R.................................R...............R.................................R...............R.................................R...............R.................................R...............R.................................R...............R.................................R...............R.................................R...............R.................................R...............R.................................R...............R.................................R...............R.................................R.................................................................................S.................................................s.................................................SsS........................................................................................RRRRRRRRRRRRRRRRRRRR..................................................................................................A.......................................................................................................................................................................................................................................................................................................................................................................................................................C...............................................................................................................................................................................................................
5
N
43
27
43 43 43 42 41 
27 26 25 25 25 
0
0
0
0
