..............................................................................................................................................................................................................................................................................................................................................................................................................................................................................................................................................................................................................................................................................................................................................................................................RRRRRRRRRRRRRRRRRRRR.................................................C...............................................................................................................................................................................................................................R..............C..................R...............R.................................R...............R.................................R...............R.................................R...............R.................................R...............R.................................R...............R.................................R...............R.................................R...............R.................................R...............R.................................R...............R.................................R...............R.................................R...............R.................................R...............R.................................R...............R.................................R...............R.................................R...............R.................................R...............R.................................R...............R.................................R...........................................................................................................................................................................................................................................sSsSs................................RRRRRRRRRRRRRRRRRRRR......................................................A...........................................A.......................................................................................................................................................................................................................................................A...............................................................................................................................................................C...............................................................................................................................................................................................................
5
N
44
33
44 44 44 44 44 
33 32 31 30 29 
0
0
0
0
