...........................................................................................................................................................................................................................................................................................................................................................................................................................................................A......................................................................................................................G...........................................................................................................................................................................................................RRRRRRRRRRRRRRRRRRRR.................................................C....................................................................................................................................C..........................................................................................R..............C..................R...............R.................................R...............R.................................R...............R.................................R...............R.................................R...............R.................................R...............R.................................R...............R.................................R...............R.................................R...............R.................................R...............R.................................R...............R.................................R...............R.................................R...............R.................................R...............R.................................R...............R.................................R...............R.................................R...............R.................................R...............R.................................R..................................................................................................................................................................................................................SsSsS.........................................................RRRRRRRRRRRRRRRRRRRR......................................................A...........................................A.......................................................................................................................................................................................................................................................A...............................................................................................................................................................C...............................................................................................................................................................................................................
5
N
44
8
44 44 44 44 44 
8 7 6 5 4 
0
0
0
0
