..............................................................................................................................................................................................................................................................................................................................................................................................................................................................................................................................................................................................................................................................................................................................................................................................RRRRRRRRRRRRRRRRRRRR.................................................C...............................................................................................................................................................................................................................R..............C..................R...............R.................................R...............R.................................R...............R.................................R...............R.................................R...............R.................................R...............R.................................R...............R.................................R...............R.................................R...............R.................................R...............R.................................R...............R.................................R...............R.................................R...............R.................................R...............R.................................R...............R.................................R...............R.................................R...............R.................................R...............R.................................R................................................................................................................................................................................................sSsSs...........................................................................RRRRRRRRRRRRRRRRRRRR......................................................A...........................................A.......................................................................................................................................................................................................................................................A...............................................................................................................................................................C...............................................................................................................................................................................................................
5
N
43
40
43 43 43 43 43 
40 39 38 37 36 
0
0
0
0
