..............................................................................................................................................................................................................................................................................................................................................................................................................................................................................................................................................................................................................................................................................................................................................................................................RRRRRRRRRRRRRRRRRRRR.................................................................................................................................................................................................................................................................................R.................................R...............R.................................R...............R.................................R...............R.................................R...............R.................................R...............R.................................R...............R.................................R...............R.................................R...............R.................................R...............R.................................R...............R.................................R...............R.................................R...............R.................................R...............R.................................R...............R.................................R...............R.................................R...............R.................................R...............R.................................R...............R.................................R................................................................................................................................................................................................................................................................................RRRRRRRRRRRRRRRRRRRR.......................................................................................SsSsSsSsS..........................................................................................................................................................................................................................................................A...............................................................................................................................................................C...............................................................................................................................................................................................................
9
S
47
23
47 47 47 47 47 47 47 47 47 
23 24 25 26 27 28 29 30 31 
5
1
0
0
