........................................................................................................................................C.............................................................................................................C.......................................................................................................................................................................................................................................................................................................................................................................................................................................................................................................................................RRRRRRRRRRRRRRRRRRRR......................................................................................................................................................................................C..........................................................................................R..............C..................R...............R.................................R...............R.................................R...............R.................................R...............R.................................R...............R.................................R...............R.................................R...............R.................................R...............R.................................R...............R.................................R...............R.................................R...............R.................................R...............R.................................R...............R.................................R...............R.................................R...A...........R.................................R...............R.................................R...............R.................................R...............R.................................R................................................................................................................................................................................................................................................................................RRRRRRRRRRRRRRRRRRRR..........................................................................................................................................................................................................................S.................................................s.................................................S......sSsSsSsSsSsS...............................s......S..........................................SsSsSsSs................................................................................C...............................................................................................................................................................................................................
25
N
52
22
52 52 52 52 52 52 52 52 52 52 52 52 53 54 54 54 54 54 54 54 54 53 52 51 50 
22 21 20 19 18 17 16 15 14 13 12 11 11 11 10 9 8 7 6 5 4 4 4 4 4 
25
3
1
0
