........................................................................................................................................C.............................................................................................................C............................................................................................................................................................................................................................................................................................................................................................................................................................................................................................................sSsSsSsSs..................RRRRRRRRRRRRRRRRRRRR...S.......S.........................................s.......s.........................................S.......S.........................................s.......s....................C....................S.................................................s...................R..............C..............S...R...............R.............................s...R...............R.............................S...R...............R.........C...................s...R...............R.............................S...R...............R.............................s...R...............R.............................S...R...............R.............................s...R...............R.............................S...R...............R.............................s...R...............R.............................S...R...............R.............................s...R...............R.............................S...R...............R.............................s...R...............R.............................S...R...............R.............................s...R...............R.............................S...R...............R.............................s...R...............R.............................S...R........C....................................s.................................................S.................................................s..............................................................................................................................RRRRRRRRRRRRRRRRRRRR..........................................................................................................................................................................................................................................................................................................................................................................................................................................................................................................................C............................................C..................................................................................................................................................................
41
E
42
39
42 41 40 39 38 37 36 35 34 33 32 31 30 29 28 27 26 25 24 23 22 21 20 19 18 17 16 15 14 14 14 14 14 14 14 14 14 15 16 17 18 
39 39 39 39 39 39 39 39 39 39 39 39 39 39 39 39 39 39 39 39 39 39 39 39 39 39 39 39 39 40 41 42 43 44 45 46 47 47 47 47 47 
45
5
2
0
